 15865
 37383
 3490
 247001
 37371
 50364
 66530
 179543
 356
 37762
 352290
 70154
 934318
 856956
 65972
 45377
 367050
 48058
 126856
 39237
 1138055
 1142246
 109453
 547386
 902096
 331481
 1240082
 1392009
 1241206
 1407133
 572060
 1369416
 280641
 35047
 576070
 769265
 576008
 284361
 101798
 46004
 5478
 16651
 104818
 318741
 4509
 32162
 795908
 37881
 558692
 934324
 12825
 769267
 934316
 967463
 1115969
 134246
 23329
 50231
 329445
 99232
 1343820
 775333
 1094022
 135695
 899724
 1146986
 1416389
 156024
 1095756
 4141
 254907
 773839
 350160
 355648
 16243
 186987
 127712
 552456
 43116
 70263
 254445
 137777
 37743
 335229
 571622
 941720
 1422373
 1105877
 838275
 4185
 355664
 150894
 1012099
 1069048
 572842
 1107409
 358648
 586976
 12996
 985345
 1271296
 939456
 1012041
 537030
 580368
 1416729
 37536
 1018845
 187003
 40712
 1085548
 37873
 356162
 838277
 15871
 37741
 335305
 994589
 900094
 4351
 841513
 1343620
 901072
 140109
 1372510
 556778
 1360362
 862688
 21944
 941724
 774549
 383538
 227904
 1041519
 582818
 23715
 116683
 26315
 26285
 37803
 35193
 331487
 1057309
 134252
 26286
 12189
 4240
 547384
 37397
 282247
 322529
 119151
 871402
 352292
 352288
 370468
 335353
 93766
 1057387
 769285
 4321
 134242
 769261
 1057253
